ID	Date	Chrysalis	Schroders Capital Global Innovation	Pantheon Int Trust	ICG Enterprice	Princess PE	Apex Global Alpha	HgCapital	Average discount
1	30/06/2020	1.0103	0.5612	0.7531	0.8232	0.7926	0.651	0.8772	0.218771429
2	01/07/2020	0.9883	0.5612	0.7626	0.8232	0.7892	0.663	0.8977	0.2164
3	02/07/2020	1.0302	0.5546	0.7646	0.8034	0.7709	0.6501	0.894	0.218885714
4	03/07/2020	1.0853	0.5541	0.754	0.8012	0.7692	0.6528	0.8846	0.214114286
5	06/07/2020	1.0456	0.5397	0.7607	0.8276	0.7675	0.6519	0.907	0.214285714
6	07/07/2020	1.0589	0.537	0.7559	0.8122	0.7667	0.6519	0.9014	0.216571429
7	08/07/2020	1.0853	0.537	0.7588	0.8144	0.7642	0.6639	0.9219	0.207785714
8	09/07/2020	1.0677	0.5502	0.7607	0.8122	0.7592	0.6501	0.9442	0.207957143
9	10/07/2020	1.103	0.5392	0.7703	0.8539	0.7725	0.6945	0.9517	0.187842857
10	13/07/2020	1.0986	0.5458	0.7799	0.8539	0.7692	0.6852	0.9778	0.184228571
11	14/07/2020	1.0633	0.5414	0.7847	0.8232	0.7675	0.6538	0.961	0.200728571
12	15/07/2020	1.0853	0.5348	0.7827	0.8473	0.7592	0.6538	0.9312	0.200814286
13	16/07/2020	1.1008	0.548	0.7703	0.8363	0.7575	0.6575	0.9051	0.2035
14	17/07/2020	1.0964	0.5502	0.7713	0.8429	0.7542	0.6528	0.8828	0.207057143
15	20/07/2020	1.1052	0.559	0.7655	0.8298	0.7542	0.6528	0.8865	0.206714286
16	21/07/2020	1.1294	0.5816	0.7607	0.8451	0.7475	0.6528	0.894	0.198414286
17	22/07/2020	1.1339	0.5634	0.7579	0.8451	0.7525	0.6936	0.8902	0.194771429
18	23/07/2020	1.0853	0.5722	0.7588	0.8473	0.7475	0.6973	0.9126	0.197
19	24/07/2020	1.0853	0.5618	0.7425	0.8561	0.7442	0.7028	0.9182	0.198442857
20	27/07/2020	1.0677	0.5326	0.7425	0.8693	0.7509	0.7408	0.9126	0.197657143
21	28/07/2020	1.0765	0.5612	0.754	0.8978	0.7475	0.7204	0.9219	0.188671429
22	29/07/2020	1.0589	0.5519	0.7445	0.8978	0.7442	0.7334	0.9126	0.193814286
23	30/07/2020	1.1383	0.5397	0.7177	0.8671	0.7342	0.7297	0.9256	0.192528571
24	31/07/2020	1.1471	0.5612	0.7311	0.8671	0.7275	0.7362	0.9182	0.187371429
25	03/08/2020	1.1736	0.5612	0.7368	0.878	0.7358	0.7297	0.9312	0.1791
26	04/08/2020	1.2	0.5579	0.7607	0.8956	0.7575	0.7334	0.9685	0.160914286
27	05/08/2020	1.2089	0.5513	0.7569	0.889	0.7559	0.7454	0.9498	0.163257143
28	06/08/2020	1.189	0.5601	0.7512	0.8802	0.7609	0.7315	0.9387	0.169771429
29	07/08/2020	1.2353	0.57	0.7521	0.8627	0.7592	0.7195	0.948	0.164742857
30	10/08/2020	1.1824	0.581	0.755	0.9219	0.7575	0.7315	0.9573	0.159057143
31	11/08/2020	1.1912	0.5898	0.7559	0.8956	0.7492	0.7501	0.9442	0.160571429
32	12/08/2020	1.2	0.5832	0.7512	0.9	0.7525	0.7315	0.9349	0.163814286
33	13/08/2020	1.2353	0.5931	0.755	0.8802	0.7525	0.7177	0.9163	0.164271429
34	14/08/2020	1.2177	0.603	0.7416	0.8868	0.7509	0.7102	0.9312	0.165514286
35	17/08/2020	1.2177	0.6069	0.7521	0.8693	0.7475	0.726	0.9275	0.164714286
36	18/08/2020	1.2177	0.603	0.7512	0.8693	0.7509	0.7177	0.9256	0.166371429
37	19/08/2020	1.1868	0.6228	0.7531	0.8693	0.7642	0.7195	0.9219	0.166057143
38	20/08/2020	1.1603	0.6371	0.7617	0.8715	0.7725	0.7315	0.9331	0.161757143
39	21/08/2020	1.1912	0.6261	0.7607	0.8956	0.7659	0.7445	1.015	0.143
40	24/08/2020	1.2442	0.6779	0.7636	0.9	0.7759	0.7427	1.0169	0.125542857
41	25/08/2020	1.1647	0.6712	0.7799	0.9176	0.7809	0.7658	1.0206	0.128471429
42	26/08/2020	1.2221	0.6492	0.7894	0.911	0.7926	0.7853	1.0243	0.118014286
43	27/08/2020	1.2486	0.6184	0.7971	0.9	0.8042	0.7991	1.0225	0.115728571
44	28/08/2020	1.2442	0.6426	0.8191	0.9176	0.8468	0.7769	1.0187	0.104871429
45	01/09/2020	1.2706	0.6668	0.8134	0.9	0.8276	0.8001	1.0243	0.0996
46	02/09/2020	1.2795	0.6641	0.8019	0.8978	0.8326	0.7908	1.0243	0.101285714
47	03/09/2020	1.2177	0.6492	0.7713	0.889	0.8259	0.7482	1.0225	0.125171429
48	04/09/2020	1.2353	0.6668	0.7559	0.9	0.8339	0.751	1.0243	0.118971429
49	07/09/2020	1.2419	0.6586	0.7607	0.9066	0.8468	0.751	1.0187	0.116528571
50	08/09/2020	1.2706	0.6542	0.7646	0.9022	0.8318	0.7528	1.0243	0.114214286
51	09/09/2020	1.2971	0.6608	0.7626	0.8693	0.8268	0.7593	1.015	0.115585714
52	10/09/2020	1.3103	0.6509	0.7684	0.8758	0.8234	0.7603	1.0262	0.1121
53	11/09/2020	1.253	0.6492	0.7512	0.8758	0.8193	0.7501	1.0243	0.1253
54	14/09/2020	1.2706	0.6426	0.7722	0.8824	0.8218	0.7871	1.0653	0.108285714
55	15/09/2020	1.4118	0.6481	0.7732	0.8715	0.8318	0.7778	1.0579	0.0897
56	16/09/2020	1.3942	0.641	0.7799	0.8693	0.8447	0.764	1.0504	0.093785714
57	17/09/2020	1.3677	0.6492	0.7818	0.878	0.8226	0.7454	1.0374	0.102557143
58	18/09/2020	1.3809	0.5997	0.7847	0.8824	0.851	0.7223	1.0243	0.107814286
59	21/09/2020	1.328	0.5942	0.7512	0.8495	0.851	0.7186	1.0243	0.126171429
60	22/09/2020	1.3368	0.6085	0.7416	0.8451	0.8593	0.7177	1.0225	0.124071429
61	23/09/2020	1.3059	0.6085	0.7751	0.8627	0.8635	0.7167	1.0448	0.117542857
62	24/09/2020	1.2662	0.6107	0.7492	0.8473	0.8209	0.7065	1.0132	0.140857143
63	25/09/2020	1.2927	0.5953	0.7607	0.8451	0.851	0.7177	1.0299	0.129657143
64	28/09/2020	1.3192	0.6091	0.7904	0.8671	0.8593	0.7399	1.0485	0.1095
65	29/09/2020	1.3412	0.6228	0.7818	0.8605	0.8593	0.7204	1.0355	0.111214286
66	30/09/2020	0.9008	0.6201	0.7942	0.8627	0.8551	0.7177	1.0504	0.171285714
67	01/10/2020	0.9194	0.6162	0.798	0.8627	0.8593	0.7297	1.0634	0.164471429
68	02/10/2020	0.9319	0.6151	0.7971	0.8671	0.8593	0.726	1.0914	0.158871429
69	05/10/2020	0.935	0.6162	0.8181	0.8912	0.8593	0.7306	1.1249	0.146385714
70	06/10/2020	0.9194	0.6129	0.8239	0.8934	0.8572	0.7399	1.1212	0.147442857
71	07/10/2020	0.9288	0.6217	0.8134	0.9373	0.8593	0.7362	1.1137	0.141371429
72	08/10/2020	0.9226	0.6399	0.8306	0.9724	0.8551	0.7408	1.11	0.132657143
73	09/10/2020	0.9226	0.6432	0.8421	0.9658	0.8426	0.739	1.1025	0.1346
74	12/10/2020	0.935	0.6404	0.8516	0.9724	0.8468	0.7408	1.1081	0.129271429
75	13/10/2020	0.9163	0.6492	0.8181	0.9549	0.8343	0.7269	1.0802	0.145728571
76	14/10/2020	0.9163	0.6492	0.8229	0.9373	0.8385	0.7334	1.0728	0.147085714
77	15/10/2020	0.9101	0.6316	0.8229	0.9527	0.8468	0.7408	1.0839	0.144457143
78	16/10/2020	0.9101	0.6448	0.821	0.9263	0.8343	0.7408	1.0616	0.151585714
79	19/10/2020	0.9008	0.6514	0.8114	0.9154	0.8284	0.7394	1.0653	0.155414286
80	20/10/2020	0.9008	0.6437	0.8181	0.9154	0.8364	0.7362	1.0709	0.154071429
81	21/10/2020	0.8822	0.6569	0.8181	0.911	0.8376	0.7408	1.069	0.154914286
82	22/10/2020	0.8822	0.6382	0.8162	0.9154	0.8385	0.7621	1.0709	0.153785714
83	23/10/2020	0.8884	0.6344	0.8306	0.9307	0.8468	0.7547	1.0709	0.149071429
84	26/10/2020	0.8666	0.6305	0.8277	0.9263	0.8447	0.7547	1.0672	0.154614286
85	27/10/2020	0.9008	0.625	0.8421	0.9176	0.8468	0.7362	1.0802	0.150185714
86	28/10/2020	0.8791	0.6129	0.8354	0.9219	0.8343	0.7408	1.0653	0.158614286
87	29/10/2020	0.8884	0.6008	0.8277	0.878	0.8209	0.7362	1.0728	0.167885714
88	30/10/2020	0.8822	0.6052	0.8229	0.8978	0.8226	0.7362	1.1063	0.160971429
89	02/11/2020	0.8263	0.6052	0.8134	0.9	0.8209	0.7362	1.0932	0.172114286
90	03/11/2020	0.876	0.6041	0.8105	0.9022	0.8259	0.7371	1.0802	0.166285714
91	04/11/2020	0.8884	0.6019	0.8143	0.9066	0.8318	0.7408	1.0914	0.160685714
92	05/11/2020	0.8853	0.5975	0.8162	0.9	0.8364	0.7408	1.0839	0.162842857
93	06/11/2020	0.907	0.614	0.8181	0.9241	0.8426	0.7408	1.1249	0.146928571
94	09/11/2020	0.9226	0.63	0.8229	0.9439	0.8551	0.7454	1.1361	0.134857143
95	10/11/2020	0.9039	0.6052	0.8229	0.9878	0.8802	0.7547	1.1323	0.130428571
96	11/11/2020	0.9039	0.5942	0.8153	0.9878	0.8739	0.764	1.1398	0.131585714
97	12/11/2020	0.8822	0.6184	0.8335	0.9812	0.876	0.7871	1.1379	0.126242857
98	13/11/2020	0.9008	0.63	0.8229	1.0163	0.876	0.7908	1.1323	0.1187
99	16/11/2020	0.8822	0.6052	0.8468	1.0185	0.8718	0.8232	1.1323	0.117142857
100	17/11/2020	0.8542	0.5876	0.8325	0.9768	0.8969	0.8056	1.1063	0.1343
